1993.011475 -41.15
1993.038696 -41.74
1993.065918 -41.32
1993.093018 -41.23
1993.120239 -40.12
1993.147339 -38.81
1993.174561 -37.63
1993.201660 -36.72
1993.228882 -36.11
1993.255981 -35.76
1993.283203 -35.62
1993.310303 -35.68
1993.337524 -35.92
1993.364746 -36.09
1993.391846 -36.34
1993.419067 -36.15
1993.446167 -36.15
1993.473389 -36.14
1993.500488 -36.42
1993.527710 -36.88
1993.554810 -37.31
1993.582031 -37.59
1993.609131 -37.80
1993.636353 -38.05
1993.663574 -38.39
1993.690674 -38.66
1993.717896 -38.76
1993.744995 -38.56
1993.772217 -38.33
1993.799316 -38.31
1993.826538 -38.63
1993.853638 -38.97
1993.880859 -38.89
1993.907959 -38.24
1993.935181 -37.23
1993.962280 -36.20
1993.989502 -35.89
1994.016724 -35.32
1994.043823 -35.18
1994.071045 -35.61
1994.098145 -36.19
1994.125366 -36.59
1994.152466 -36.45
1994.179688 -35.62
1994.206787 -34.46
1994.234009 -33.64
1994.261108 -33.53
1994.288330 -34.28
1994.315552 -34.77
1994.342651 -35.60
1994.369873 -36.00
1994.396973 -36.60
1994.424194 -36.69
1994.451294 -36.65
1994.478516 -36.64
1994.505615 -36.71
1994.532837 -36.86
1994.559937 -37.12
1994.587158 -37.43
1994.614380 -37.73
1994.641479 -37.81
1994.668701 -38.04
1994.695801 -38.05
1994.723022 -38.05
1994.750122 -38.01
1994.777344 -37.88
1994.804443 -37.78
1994.831665 -37.84
1994.858765 -38.04
1994.885986 -38.03
1994.913208 -37.44
1994.940308 -36.31
1994.967529 -35.00
1994.994629 -34.10
1995.021851 -33.45
1995.048950 -33.03
1995.076172 -33.32
1995.103271 -33.80
1995.130493 -34.12
1995.157593 -33.88
1995.184814 -33.71
1995.212036 -33.52
1995.239136 -33.64
1995.266357 -33.91
1995.293457 -34.12
1995.320679 -34.14
1995.347778 -34.15
1995.375000 -34.15
1995.402100 -34.11
1995.429321 -34.22
1995.456421 -34.60
1995.483643 -35.18
1995.510864 -35.50
1995.537964 -36.17
1995.565186 -36.40
1995.592285 -36.41
1995.619507 -35.88
1995.646606 -35.58
1995.673828 -34.98
1995.700928 -34.17
1995.728149 -34.23
1995.755249 -33.79
1995.782471 -34.01
1995.809692 -34.18
1995.836792 -34.09
1995.864014 -33.72
1995.891113 -33.31
1995.918335 -33.16
1995.945435 -33.67
1995.972656 -34.05
1995.999756 -34.56
1996.026855 -35.19
1996.053955 -35.47
1996.081055 -34.91
1996.108154 -34.55
1996.135254 -33.78
1996.162354 -33.25
1996.189453 -33.06
1996.216553 -32.99
1996.243652 -32.88
1996.270752 -32.45
1996.297852 -31.94
1996.324951 -31.32
1996.352051 -30.55
1996.379150 -29.91
1996.406128 -29.41
1996.433228 -28.99
1996.460327 -28.58
1996.487427 -28.19
1996.514526 -27.97
1996.541626 -28.02
1996.568726 -28.40
1996.595825 -29.11
1996.622925 -29.83
1996.650024 -30.64
1996.677124 -30.92
1996.704224 -30.70
1996.731323 -30.01
1996.758423 -28.95
1996.785522 -27.79
1996.812500 -27.06
1996.839600 -27.03
1996.866699 -27.57
1996.893799 -28.38
1996.920898 -29.15
1996.947998 -29.69
1996.975098 -30.25
1997.002197 -30.53
1997.029419 -30.65
1997.056519 -30.65
1997.083740 -30.59
1997.110840 -30.50
1997.138062 -30.32
1997.165161 -30.00
1997.192383 -29.54
1997.219482 -29.03
1997.246704 -28.68
1997.273926 -28.32
1997.301025 -28.01
1997.328247 -27.60
1997.355347 -26.97
1997.382568 -26.23
1997.409668 -25.47
1997.436890 -24.84
1997.463989 -24.27
1997.491211 -23.73
1997.518311 -23.22
1997.545532 -22.71
1997.572754 -22.01
1997.599854 -21.42
1997.627075 -20.83
1997.654175 -20.46
1997.681396 -20.27
1997.708496 -20.09
1997.735718 -19.85
1997.762817 -19.96
1997.790039 -19.65
1997.817139 -19.90
1997.844360 -20.30
1997.871582 -20.97
1997.898682 -21.30
1997.925903 -21.76
1997.953003 -22.21
1997.980225 -22.43
1998.007324 -22.41
1998.034546 -22.14
1998.061646 -21.73
1998.088867 -21.32
1998.115967 -21.00
1998.143188 -20.72
1998.170410 -20.38
1998.197510 -19.91
1998.224731 -19.52
1998.251831 -19.03
1998.279053 -18.77
1998.306152 -18.78
1998.333374 -19.15
1998.360474 -19.91
1998.387695 -20.71
1998.414795 -21.69
1998.442017 -22.14
1998.469238 -22.39
1998.496338 -22.64
1998.523560 -23.07
1998.550659 -23.55
1998.577881 -24.24
1998.604980 -24.43
1998.632202 -24.85
1998.659302 -24.88
1998.686523 -24.83
1998.713623 -24.72
1998.740845 -24.67
1998.768066 -24.21
1998.795166 -23.86
1998.822388 -23.62
1998.849487 -23.48
1998.876709 -23.34
1998.903809 -22.96
1998.931030 -22.53
1998.958130 -22.07
1998.985352 -21.66
1999.012451 -21.33
1999.039673 -21.07
1999.066895 -20.77
1999.093994 -20.37
1999.121216 -19.93
1999.148315 -19.56
1999.175537 -19.36
1999.202637 -19.29
1999.229858 -19.31
1999.256958 -19.26
1999.284180 -19.31
1999.311279 -19.51
1999.338501 -19.80
1999.365723 -20.08
1999.392822 -20.28
1999.420044 -20.33
1999.447144 -20.24
1999.474365 -19.91
1999.501465 -19.85
1999.528687 -19.78
1999.555786 -19.83
1999.583008 -19.90
1999.610107 -19.83
1999.637329 -19.45
1999.664551 -18.79
1999.691650 -18.10
1999.718872 -17.59
1999.745972 -17.48
1999.773193 -17.09
1999.800293 -17.09
1999.827515 -17.32
1999.854614 -17.26
1999.881836 -17.07
1999.908936 -16.58
1999.936157 -15.94
1999.963379 -15.43
1999.990479 -15.19
2000.017578 -15.22
2000.044678 -15.43
2000.071777 -15.67
2000.098877 -15.88
2000.125977 -16.19
2000.153076 -16.13
2000.180176 -15.91
2000.207275 -15.66
2000.234375 -15.57
2000.261475 -15.83
2000.288574 -16.42
2000.315674 -17.07
2000.342651 -17.53
2000.369751 -17.59
2000.396851 -17.74
2000.423950 -17.64
2000.451050 -17.73
2000.478149 -17.86
2000.505249 -18.04
2000.532349 -18.13
2000.559448 -18.02
2000.586548 -17.72
2000.613647 -17.43
2000.640747 -17.00
2000.667847 -16.77
2000.694946 -16.11
2000.722046 -15.44
2000.749146 -14.39
2000.776123 -13.75
2000.803223 -13.48
2000.830322 -13.55
2000.857422 -13.98
2000.884521 -14.06
2000.911621 -14.22
2000.938721 -14.25
2000.965820 -14.17
2000.992920 -13.89
2001.020020 -13.80
2001.047241 -13.54
2001.074341 -13.19
2001.101563 -12.74
2001.128784 -12.21
2001.155884 -11.71
2001.183105 -11.29
2001.210205 -11.13
2001.237427 -10.89
2001.264526 -10.86
2001.291748 -10.97
2001.318848 -11.23
2001.346069 -11.54
2001.373169 -11.74
2001.400391 -11.74
2001.427612 -11.44
2001.454712 -10.88
2001.481934 -10.18
2001.509033 -9.60
2001.536255 -9.35
2001.563354 -9.45
2001.590576 -9.71
2001.617676 -9.80
2001.644897 -9.49
2001.671997 -8.82
2001.699219 -8.09
2001.726440 -7.77
2001.753540 -8.01
2001.780762 -8.54
2001.807861 -8.89
2001.835083 -8.86
2001.862183 -8.63
2001.889404 -8.54
2001.916504 -8.67
2001.943726 -8.86
2001.970825 -8.94
2001.998047 -8.86
2002.025269 -8.65
2002.052368 -8.35
2002.079590 -8.00
2002.106689 -7.70
2002.133911 -7.53
2002.161011 -7.56
2002.188232 -7.79
2002.215332 -8.07
2002.242554 -8.31
2002.269653 -8.48
2002.296875 -8.60
2002.324097 -8.65
2002.351196 -8.68
2002.378418 -8.76
2002.405518 -8.89
2002.432739 -8.86
2002.459839 -8.50
2002.487061 -7.75
2002.514160 -6.79
2002.541382 -5.84
2002.568481 -5.07
2002.595703 -4.64
2002.622925 -4.60
2002.650024 -4.84
2002.677246 -5.15
2002.704346 -5.30
2002.731567 -5.20
2002.758667 -4.88
2002.785889 -4.46
2002.812988 -4.15
2002.840210 -4.12
2002.867310 -4.32
2002.894531 -4.63
2002.921753 -4.91
2002.948853 -5.04
2002.976074 -4.98
2003.003174 -4.67
2003.030396 -4.08
2003.057495 -3.41
2003.084717 -2.95
2003.111816 -2.88
2003.139038 -3.10
2003.166138 -3.35
2003.193359 -3.39
2003.220459 -3.27
2003.247681 -3.15
2003.274902 -3.14
2003.302002 -3.24
2003.329224 -3.38
2003.356323 -3.51
2003.383545 -3.68
2003.410645 -3.89
2003.437866 -4.09
2003.464966 -4.18
2003.492188 -4.11
2003.519287 -3.98
2003.546509 -3.85
2003.573730 -3.77
2003.600830 -3.68
2003.628052 -3.49
2003.655151 -3.21
2003.682373 -2.93
2003.709473 -2.70
2003.736694 -2.50
2003.763794 -2.36
2003.791016 -2.38
2003.818115 -2.64
2003.845337 -3.05
2003.872559 -3.34
2003.899658 -3.25
2003.926880 -2.77
2003.953979 -2.09
2003.981201 -1.41
2004.008301 -0.84
2004.035400 -0.57
2004.062500 -0.72
2004.089600 -1.22
2004.116699 -1.72
2004.143799 -1.92
2004.170898 -1.74
2004.197998 -1.38
2004.225098 -1.06
2004.252197 -0.93
2004.279175 -1.14
2004.306274 -1.69
2004.333374 -2.49
2004.360474 -3.28
2004.387573 -3.75
2004.414673 -3.74
2004.441772 -3.27
2004.468872 -2.54
2004.495972 -1.84
2004.523071 -1.44
2004.550171 -1.37
2004.577271 -1.41
2004.604370 -1.33
2004.631470 -1.07
2004.658569 -0.72
2004.685669 -0.44
2004.712646 -0.33
2004.739746 -0.43
2004.766846 -0.70
2004.793945 -1.01
2004.821045 -1.22
2004.848145 -1.22
2004.875244 -0.95
2004.902344 -0.41
2004.929443 0.26
2004.956543 0.82
2004.983643 1.11
2005.010742 1.21
2005.037964 1.38
2005.065063 1.80
2005.092285 2.41
2005.119385 3.04
2005.146606 3.51
2005.173706 3.67
2005.200928 3.51
2005.228027 3.20
2005.255249 2.93
2005.282349 2.79
2005.309570 2.76
2005.336792 2.82
2005.363892 2.95
2005.391113 3.14
2005.418213 3.35
2005.445435 3.54
2005.472534 3.68
2005.499756 3.77
2005.526855 3.70
2005.554077 3.47
2005.581177 3.19
2005.608398 3.01
2005.635620 3.03
2005.662720 3.25
2005.689941 3.52
2005.717041 3.68
2005.744263 3.64
2005.771362 3.55
2005.798584 3.67
2005.825684 4.15
2005.852905 4.90
2005.880005 5.61
2005.907227 6.02
2005.934448 6.03
2005.961548 5.67
2005.988770 5.06
2006.015869 4.36
2006.043091 3.78
2006.070190 3.43
2006.097412 3.33
2006.124512 3.36
2006.151733 3.39
2006.178833 3.32
2006.206055 3.18
2006.233276 3.02
2006.260376 2.92
2006.287598 2.92
2006.314697 3.09
2006.341919 3.47
2006.369019 4.01
2006.396240 4.58
2006.423340 5.10
2006.450562 5.61
2006.477661 6.11
2006.504883 6.47
2006.532104 6.53
2006.559204 6.24
2006.586426 5.78
2006.613525 5.48
2006.640747 5.55
2006.667847 5.93
2006.695068 6.31
2006.722168 6.48
2006.749390 6.45
2006.776489 6.41
2006.803711 6.47
2006.830933 6.53
2006.885254 6.14
2006.912354 5.95
2006.939575 5.89
2006.966675 5.88
2006.993896 5.80
2007.020996 5.71
2007.048218 5.49
2007.075317 5.43
2007.102539 5.56
2007.129761 5.81
2007.156860 6.08
2007.184082 6.25
2007.211182 6.36
2007.238403 6.49
2007.265503 6.59
2007.292725 6.56
2007.319824 6.35
2007.347046 6.11
2007.374146 5.98
2007.401367 5.99
2007.428589 6.05
2007.455688 6.05
2007.482910 5.92
2007.510010 5.65
2007.537231 5.33
2007.564331 5.07
2007.591553 4.88
2007.618652 4.69
2007.645874 4.37
2007.672974 4.05
2007.700195 3.87
2007.727417 3.94
2007.754517 4.25
2007.781738 4.76
2007.808838 5.47
2007.836060 6.33
2007.863159 7.14
2007.890381 7.59
2007.917480 7.50
2007.944702 6.97
2007.971802 6.34
2007.999023 5.92
2008.026123 5.78
2008.053223 5.75
2008.080322 5.70
2008.107422 5.66
2008.134521 5.71
2008.161621 5.87
2008.188721 6.02
2008.215820 6.00
2008.242798 5.78
2008.269897 5.52
2008.296997 5.49
2008.324097 5.94
2008.351196 6.98
2008.378296 8.38
2008.405396 9.73
2008.432495 10.69
2008.459595 11.13
2008.486694 11.12
2008.513794 10.83
2008.540894 10.40
2008.567993 9.96
2008.595093 9.56
2008.622192 9.25
2008.649292 9.01
2008.676270 8.85
2008.703369 8.80
2008.730469 8.88
2008.757568 9.09
2008.784668 9.35
2008.811768 9.62
2008.838867 9.93
2008.865967 10.30
2008.893066 10.64
2008.920166 10.78
2008.947266 10.65
2008.974365 10.36
2009.001465 10.09
2009.028564 9.93
2009.055786 9.87
2009.082886 9.91
2009.110107 10.10
2009.137207 10.48
2009.164429 10.96
2009.191650 11.42
2009.218750 11.73
2009.245972 11.87
2009.273071 11.89
2009.300293 11.87
2009.327393 11.88
2009.354614 11.90
2009.381714 11.97
2009.408936 12.07
2009.436035 12.19
2009.463257 12.32
2009.490479 12.47
2009.517578 12.73
2009.544800 13.14
2009.571899 13.61
2009.599121 14.04
2009.626221 14.47
2009.653442 14.98
2009.680542 15.58
2009.707764 16.15
2009.734863 16.59
2009.762085 16.90
2009.789307 17.14
2009.816406 17.29
2009.843628 17.27
2009.870728 17.12
2009.897949 16.86
2009.925049 16.58
2009.952271 16.29
2009.979370 15.95
2010.006592 15.54
2010.033691 15.12
2010.060913 14.94
2010.088135 15.19
2010.115234 15.80
2010.142456 16.39
2010.169556 16.57
2010.196777 16.31
2010.223877 15.91
2010.251099 15.71
2010.278198 15.81
2010.305420 16.16
2010.332520 16.67
2010.359741 17.31
2010.386963 17.96
2010.414063 18.48
2010.441284 18.74
2010.468384 18.68
2010.495605 18.31
2010.522705 17.69
2010.549927 16.87
2010.577026 15.94
2010.604248 14.95
2010.631348 14.04
2010.658569 13.30
2010.685791 12.80
2010.712891 12.53
2010.740112 12.45
2010.767212 12.51
2010.794434 12.58
2010.821533 12.52
2010.848755 12.24
2010.875854 11.81
2010.903076 11.43
2010.930176 11.25
2010.957397 11.28
2010.984619 11.43
2011.011719 11.55
2011.038940 11.58
2011.066040 11.53
2011.093262 11.43
2011.120361 11.27
2011.147583 11.05
2011.174683 10.73
2011.201904 10.41
2011.229004 10.19
2011.256226 10.17
2011.283447 10.34
2011.310547 10.72
2011.337769 11.31
2011.364868 12.11
2011.392090 13.04
2011.419189 13.92
2011.446411 14.62
2011.473511 15.01
2011.500732 15.11
2011.527832 15.12
2011.555054 15.29
2011.582275 15.70
2011.609375 16.21
2011.636597 16.57
2011.663696 16.66
2011.690918 16.57
2011.718018 16.53
2011.745239 16.61
2011.772339 16.71
2011.799561 16.64
2011.826660 16.41
2011.853882 16.30
2011.881104 16.51
2011.908203 17.06
2011.935425 17.81
2011.962524 18.66
2011.989746 19.52
2012.016846 20.32
2012.043945 20.98
2012.071045 21.38
2012.098145 21.49
2012.125244 21.37
2012.152344 21.15
2012.179321 20.98
2012.206421 20.98
2012.233521 21.15
2012.260620 21.41
2012.287720 21.74
2012.314819 22.08
2012.341919 22.43
2012.369019 22.85
2012.396118 23.40
2012.423218 24.06
2012.450317 24.82
2012.477417 25.57
2012.504517 26.30
2012.531616 26.93
2012.558716 27.26
2012.585815 27.24
2012.612793 26.97
2012.639893 26.74
2012.666992 26.75
2012.694092 27.05
2012.721191 27.47
2012.748291 27.77
2012.775391 27.89
2012.802490 27.87
2012.829590 27.84
2012.856689 27.92
2012.883789 28.17
2012.910889 28.53
2012.937988 28.91
2012.965088 29.22
2012.992188 29.47
2013.019287 29.64
2013.046509 29.79
2013.073608 29.87
2013.100830 29.91
2013.127930 29.93
2013.155151 29.92
2013.182251 29.86
2013.209473 29.68
2013.236572 29.36
2013.263794 28.96
2013.290894 28.58
2013.318115 28.21
2013.345337 27.80
2013.372437 27.33
2013.399658 26.85
2013.426758 26.50
2013.453979 26.32
2013.481079 26.31
2013.508301 26.40
2013.535400 26.48
2013.562622 26.42
2013.589722 26.13
2013.616943 25.73
2013.644043 25.44
2013.671265 25.41
2013.698486 25.62
2013.725586 26.00
2013.752808 26.44
2013.779907 26.94
2013.807129 27.40
2013.834229 27.74
2013.861450 27.87
2013.888550 27.80
2013.915771 27.63
2013.942871 27.54
2013.970093 27.66
2013.997314 27.99
2014.024414 28.42
2014.051636 28.94
2014.078735 29.52
2014.105957 30.16
2014.133057 30.75
2014.160278 31.12
2014.187378 31.23
2014.214600 31.07
2014.241699 30.65
2014.268921 30.06
2014.296143 29.40
2014.323242 28.82
2014.350464 28.51
2014.377563 28.51
2014.404785 28.80
2014.431885 29.36
2014.459106 30.10
2014.486206 30.91
2014.513428 31.63
2014.540527 32.14
2014.567749 32.42
2014.594971 32.52
2014.622070 32.46
2014.649292 32.25
2014.676392 31.97
2014.703613 31.80
2014.730713 31.86
2014.757935 32.09
2014.785034 32.30
2014.812256 32.26
2014.839355 32.07
2014.866577 32.02
2014.893799 32.39
2014.920898 33.16
2014.948120 33.98
2014.975220 34.57
2015.002441 34.98
2015.029541 35.47
2015.056763 36.21
2015.083862 37.14
2015.111084 38.00
2015.138184 38.58
2015.165405 38.84
2015.192627 38.88
2015.219727 38.90
2015.246948 38.96
2015.274048 39.02
2015.301270 38.99
2015.328369 38.90
2015.355591 38.93
2015.382690 39.28
2015.409912 40.02
2015.437012 41.00
2015.464233 41.99
2015.491455 42.80
2015.518555 43.38
2015.545776 43.76
2015.572876 44.01
2015.600098 44.25
2015.627197 44.55
2015.654419 44.89
2015.681519 45.20
2015.708740 45.45
2015.735840 45.68
2015.763062 45.92
2015.790283 46.08
2015.817383 46.06
2015.844604 45.87
2015.871704 45.59
2015.898926 45.27
2015.926025 44.91
2015.953247 44.56
2015.980347 44.45
2016.007568 44.72
2016.034668 45.34
2016.061768 46.04
2016.088867 46.63
2016.115967 47.01
2016.142944 47.24
2016.170044 47.35
2016.197144 47.31
2016.224243 47.03
2016.251343 46.45
2016.278442 45.64
2016.305542 44.79
2016.332642 44.18
2016.359741 44.03
2016.386841 44.35
2016.413940 44.95
2016.441040 45.51
2016.468140 45.72
2016.495239 45.43
2016.522339 44.72
2016.549316 43.76
2016.576416 42.83
2016.603516 42.23
2016.630615 42.07
2016.657715 42.18
2016.684814 42.28
2016.711914 42.22
2016.739014 42.10
2016.766113 42.25
2016.793213 42.82
2016.820313 43.74
2016.847412 44.71
2016.874512 45.43
2016.901611 45.70
2016.928711 45.49
2016.955811 44.98
2016.982788 44.45
2017.010010 44.16
2017.037109 44.08
2017.064331 44.13
2017.091431 44.25
2017.118652 44.38
