2002.29 1635.26
2002.35 1652.14
2002.62 1396.59
2002.71 1368.19
2002.79 1360.86
2002.87 1394.23
2002.96 1453.89
2003.04 1473.70
2003.12 1468.03
2003.20 1559.51
2003.29 1613.10
2003.36 1640.37
2003.54 1444.64
2003.62 1280.32
2003.71 1222.59
2003.79 1242.97
2003.87 1284.06
2003.96 1276.94
2004.02 1252.82
2004.13 1267.97
2004.21 1296.26
2004.29 1391.45
2004.37 1370.90
2004.46 1315.39
2004.54 1231.31
2004.62 1097.90
2004.71 1100.18
2004.79 1024.57
2004.87 1077.97
2004.96 1068.05
2005.04 1075.58
2005.12 1168.67
2005.20 1217.29
2005.29 1236.66
2005.37 1209.88
2005.46 1172.80
2005.54 1054.30
2005.62 880.54
2005.71 795.74
2005.79 741.93
2005.87 755.34
2005.96 877.68
2006.04 881.97
2006.12 947.65
2006.20 977.91
2006.29 914.01
2006.37 925.18
2006.45 964.58
2006.54 861.03
2006.62 708.41
2006.71 603.82
2006.79 631.47
2006.87 652.91
2006.96 666.74
2007.04 703.44
2007.12 714.60
2007.20 703.14
2007.29 736.70
2007.37 755.94
2007.45 750.56
2007.54 552.44
2007.62 334.67
2007.71 275.47
2007.79 308.41
2007.87 313.77
2007.96 370.27
2008.04 377.72
2008.12 400.14
2008.21 479.87
2008.29 458.74
2008.37 382.75
2008.46 385.35
2008.54 239.89
2008.62 77.87
2008.71 51.84
2008.79 45.24
2008.87 117.57
2008.96 157.89
2009.04 220.43
2009.12 237.36
2009.20 174.13
2009.29 153.86
2009.37 170.36
2009.46 230.72
2009.54 153.92
2009.62 -25.12
2009.71 -165.36
2009.79 -139.77
2009.87 -142.52
2009.96 -33.35
2010.04 -69.99
2010.12 -75.37
2010.20 -24.84
2010.29 -50.28
2010.37 -25.58
2010.45 -85.93
2010.54 -301.30
2010.62 -517.79
2010.71 -663.02
2010.79 -609.32
2010.87 -600.95
2010.96 -547.40
2011.13 -557.14
2011.20 -513.63
2011.29 -497.74
2011.37 -497.70
2011.55 -743.41
2011.62 -923.74
2011.71 -1002.58
2011.79 -973.47
2011.83 -1038.39
2012.00 -1015.00
2012.04 -1001.64
2012.12 -965.87
2012.21 -876.47
2012.27 -835.34
2012.46 -916.81
2012.54 -1154.14
2012.62 -1439.64
2012.70 -1528.69
2012.89 -1502.05
2012.96 -1471.66
2013.04 -1453.51
2013.12 -1401.78
2013.30 -1432.57
2013.37 -1399.88
2013.46 -1370.26
2013.54 -1496.31
2013.79 -1592.15
2013.87 -1533.52
2013.96 -1544.43
2014.02 -1515.03
2014.21 -1490.14
2014.29 -1475.91
2014.37 -1456.64
2014.45 -1489.96
2014.62 -1811.98
2014.71 -1855.86
2014.79 -1809.51
2014.88 -1775.17
2015.06 -1709.83
2015.12 -1638.40
2015.20 -1627.13
2015.29 -1629.10
2015.32 -1639.41
2015.53 -1841.11
2015.62 -1995.83
2015.70 -1975.08
2015.97 -1964.97
2016.04 -1941.22
2016.12 -1914.86
2016.21 -1904.70
