2002.29 -4.587579
2002.35 -5.470574
2002.62 -3.277449
2002.71 -2.318708
2002.79 -4.683046
2002.87 -5.068065
2002.96 -2.430357
2003.04 -2.107732
2003.12 -0.322106
2003.20 -0.045681
2003.29 0.956171
2003.36 -0.354435
2003.54 -3.280324
2003.62 -1.099838
2003.71 -2.607236
2003.79 -2.954380
2003.87 -3.347537
2003.96 -2.719190
2004.02 -1.008093
2004.13 -1.705051
2004.21 0.505764
2004.29 -2.759607
2004.37 -2.955463
2004.46 -3.383630
2004.54 -2.936352
2004.62 -2.408588
2004.71 -2.836097
2004.79 -2.892380
2004.87 -3.318648
2004.96 -2.495162
2005.04 -0.431648
2005.12 -1.111412
2005.20 -1.040764
2005.29 -0.217829
2005.37 -0.519185
2005.46 -0.661491
2005.54 0.425148
2005.62 -0.197005
2005.71 -0.945097
2005.79 -1.705491
2005.87 0.825407
2005.96 -0.378384
2006.04 0.339435
2006.12 -0.296745
2006.20 -1.644181
2006.29 -1.719607
2006.37 -0.244824
2006.45 -4.094602
2006.54 1.400481
2006.62 0.134606
2006.71 1.951708
2006.79 2.754148
2006.87 -0.686037
2006.96 -1.602412
2007.04 -1.821398
2007.12 -0.019412
2007.20 0.528375
2007.29 1.621310
2007.37 1.096093
2007.45 -0.796713
2007.54 0.835981
2007.62 1.346079
2007.71 2.125625
2007.79 1.909259
2007.87 2.698880
2007.96 3.014310
2008.04 5.029435
2008.12 3.454727
2008.21 1.696486
2008.29 2.119560
2008.37 2.977815
2008.46 1.546037
2008.54 3.555065
2008.62 2.224745
2008.71 2.311097
2008.79 2.888843
2008.87 3.827935
2008.96 4.180838
2009.04 3.962185
2009.12 4.626199
2009.20 3.403181
2009.29 2.890560
2009.37 4.457426
2009.46 3.443065
2009.54 3.551037
2009.62 4.527357
2009.71 5.449931
2009.79 5.819870
2009.87 6.620102
2009.96 6.695505
2010.04 4.506963
2010.12 6.173977
2010.20 7.604069
2010.29 8.455227
2010.37 7.062481
2010.45 6.581565
2010.54 7.661426
2010.62 8.006495
2010.71 9.064597
2010.79 6.630870
2010.87 7.428658
2010.96 5.320949
2011.13 5.687755
2011.20 5.921125
2011.29 4.392282
2011.37 5.724843
2011.55 7.979426
2011.62 8.920078
2011.71 9.759819
2011.79 7.449648
2011.83 5.954009
2012.00 8.653310
2012.04 10.561047
2012.12 11.337227
2012.21 9.378125
2012.27 12.751033
2012.46 12.586703
2012.54 14.569398
2012.62 14.854939
2012.70 12.946403
2012.89 12.517407
2012.96 15.106477
2013.04 15.473546
2013.12 16.078255
2013.30 14.966311
2013.37 15.490870
2013.46 12.712426
2013.54 15.023815
2013.79 12.898037
2013.87 11.747852
2013.96 12.927644
2014.02 11.892046
2014.21 14.189764
2014.29 15.701116
2014.37 13.837037
2014.45 11.529315
2014.62 15.763828
2014.71 16.682541
2014.79 15.241120
2014.88 13.580074
2015.06 15.651769
2015.12 18.919867
2015.20 21.191681
2015.29 19.949783
2015.32 18.409172
2015.53 18.612314
2015.62 22.067551
2015.70 22.951986
2015.97 22.712755
2016.04 25.268684
2016.12 23.789171
2016.21 22.607237
152