2002.29 665.87
2002.35 726.89
2002.62 488.62
2002.71 832.90
2002.79 698.03
2002.87 583.83
2002.96 614.10
2003.04 414.78
2003.12 496.29
2003.20 425.70
2003.29 520.52
2003.36 633.98
2003.54 524.28
2003.62 545.20
2003.71 615.42
2003.79 580.39
2003.87 556.85
2003.96 581.23
2004.02 445.87
2004.13 60.15
2004.21 342.11
2004.29 252.91
2004.37 566.43
2004.46 564.14
2004.54 332.61
2004.62 301.88
2004.71 377.33
2004.79 741.62
2004.87 482.33
2004.96 435.87
2005.04 341.72
2005.12 285.56
2005.20 303.04
2005.29 388.58
2005.37 378.83
2005.46 467.99
2005.54 536.36
2005.62 321.99
2005.71 555.11
2005.79 544.01
2005.87 566.72
2005.96 527.45
2006.04 349.62
2006.12 325.25
2006.20 368.09
2006.29 358.26
2006.37 485.80
2006.45 510.43
2006.54 467.90
2006.62 667.05
2006.71 652.51
2006.79 588.48
2006.87 501.00
2006.96 420.83
2007.04 213.52
2007.12 237.56
2007.20 210.59
2007.29 308.35
2007.37 594.16
2007.45 395.05
2007.54 368.52
2007.62 441.00
2007.71 466.86
2007.79 288.89
2007.87 195.87
2007.96 194.76
2008.04 -50.47
2008.12 -11.70
2008.21 4.56
2008.29 149.11
2008.37 144.97
2008.46 179.73
2008.54 -100.61
2008.62 -157.22
2008.71 124.74
2008.79 127.74
2008.87 187.84
2008.96 91.24
2009.04 -18.44
2009.12 22.34
2009.20 71.16
2009.29 87.16
2009.37 91.57
2009.46 92.75
2009.54 117.01
2009.62 113.09
2009.71 119.35
2009.79 115.90
2009.87 75.40
2009.96 76.14
2010.04 -182.02
2010.12 -7.58
2010.20 41.86
2010.29 -42.01
2010.37 -64.34
2010.45 -145.97
2010.54 -408.24
2010.62 -290.05
2010.71 -178.22
2010.79 -272.55
2010.87 -266.11
2010.96 -126.61
2011.13 -369.77
2011.20 -423.72
2011.29 -474.14
2011.37 -354.52
2011.55 -372.36
2011.62 -289.59
2011.71 -163.33
2011.79 -250.43
2011.83 51.31
2012.00 -284.91
2012.04 -403.53
2012.12 -425.25
2012.21 -361.26
2012.27 -381.25
2012.46 -365.03
2012.54 -533.24
2012.62 -324.38
2012.70 -71.56
2012.89 -144.67
2012.96 -333.26
2013.04 -556.65
2013.12 -666.27
2013.30 -453.22
2013.37 -330.94
2013.46 -326.18
2013.54 -423.10
2013.79 -406.99
2013.87 -553.58
2013.96 -498.40
2014.02 -760.57
2014.21 -942.97
2014.29 -723.27
2014.37 -590.98
2014.45 -818.03
2014.62 -869.08
2014.71 -591.30
2014.79 -721.97
2014.88 -659.58
2015.06 -1026.33
2015.12 -1034.55
2015.20 -1145.44
2015.29 -1163.47
2015.32 -1073.69
2015.53 -1201.40
2015.62 -1270.77
2015.70 -1113.50
2015.97 -963.36
2016.04 -932.79
2016.12 -1012.44
2016.21 -841.65
152